2 2
2

1
1                      0
8.68874977683520e-02   9.70552808885416e-01
1
0                       0
-7.72602859134459e-01   3.63151652647852e-01
1
-5.37956029816044e-01  -4.38683236013710e-02
-4.36776793582787e-01  -3.20184533695950e-01
1
1                      0 
-4.36776793582787e-01  -3.20184533695950e-01

1
-6.71069245055734e-01   1.32440693040658e+00
-6.17147351955450e-01   2.37309131115803e-01
1
-2.76904052964063e-01  -8.65518762261211e-01
-1.06117272869350e+00  -1.94462240338017e+00
0
-8.89458536733601e-01  -8.32377523603845e-01
1
 3.13581483088346e-01  -8.81579662699802e-01
 1.35531626930464e+00  -5.84486537598320e-01